Beam	L/C	Node	Axial Force kg	Shear-Y kg	Shear-Z kg	Torsion kN-m	Moment-Y kN-m	Moment-Z kN-m
1	1	1	 3379.927	-213.153	 179.037	 0.000	-1.986	-2.303
		13	-1666.803	 213.153	-179.037	-0.000	-4.159	-5.014
	2	1	 1619.806	-277.428	 235.279	-0.004	-2.610	-2.996
		13	-1619.806	 277.428	-235.279	 0.004	-5.466	-6.526
	3	1	 1103.116	-188.934	 160.229	-0.003	-1.777	-2.041
		13	-1103.116	 188.934	-160.229	 0.003	-3.722	-4.444
	101	1	 6999.626	-686.815	 580.044	-0.005	-6.434	-7.419
		13	-4601.253	 686.815	-580.044	 0.005	-13.475	-16.155
	102	1	 7764.666	-890.992	 753.547	-0.009	-8.359	-9.624
		13	-5708.918	 890.992	-753.547	 0.009	-17.505	-20.958
	103	1	 6102.849	-679.515	 574.546	-0.006	-6.373	-7.340
		13	-4389.726	 679.515	-574.546	 0.006	-13.347	-15.984
2	1	2	 4435.207	 31.369	 179.037	 0.000	-1.986	 0.369
		14	-2722.084	-31.369	-179.037	-0.000	-4.159	 0.708
	2	2	 3518.265	 40.065	 443.124	 0.003	-4.916	 0.472
		14	-3518.265	-40.065	-443.124	-0.003	-10.294	 0.903
	3	2	 2396.000	 27.285	 301.775	 0.002	-3.348	 0.321
		14	-2396.000	-27.285	-301.775	-0.002	-7.010	 0.615
	101	2	 11134.861	 100.007	 871.026	 0.004	-9.663	 1.178
		14	-8736.488	-100.007	-871.026	-0.004	-20.234	 2.255
	102	2	 13377.766	 129.377	 1229.435	 0.006	-13.638	 1.524
		14	-11322.018	-129.377	-1229.435	-0.006	-28.560	 2.917
	103	2	 10349.472	 98.719	 923.937	 0.004	-10.249	 1.163
		14	-8636.348	-98.719	-923.937	-0.004	-21.463	 2.226
3	1	3	 4435.207	-31.369	 179.037	-0.000	-1.986	-0.369
		15	-2722.084	 31.369	-179.037	 0.000	-4.159	-0.708
	2	3	 3518.265	-40.065	 443.124	-0.003	-4.916	-0.472
		15	-3518.265	 40.065	-443.124	 0.003	-10.294	-0.903
	3	3	 2396.000	-27.285	 301.775	-0.002	-3.348	-0.321
		15	-2396.000	 27.285	-301.775	 0.002	-7.010	-0.615
	101	3	 11134.861	-100.007	 871.026	-0.004	-9.663	-1.178
		15	-8736.488	 100.007	-871.026	 0.004	-20.234	-2.255
	102	3	 13377.766	-129.377	 1229.435	-0.006	-13.638	-1.524
		15	-11322.018	 129.377	-1229.435	 0.006	-28.560	-2.917
	103	3	 10349.472	-98.719	 923.937	-0.004	-10.249	-1.163
		15	-8636.348	 98.719	-923.937	 0.004	-21.463	-2.226
4	1	4	 3379.927	 213.153	 179.037	-0.000	-1.986	 2.303
		16	-1666.803	-213.153	-179.037	 0.000	-4.159	 5.014
	2	4	 1619.806	 277.428	 235.279	 0.004	-2.610	 2.996
		16	-1619.806	-277.428	-235.279	-0.004	-5.466	 6.526
	3	4	 1103.116	 188.934	 160.229	 0.003	-1.777	 2.041
		16	-1103.116	-188.934	-160.229	-0.003	-3.722	 4.444
	101	4	 6999.626	 686.815	 580.044	 0.005	-6.434	 7.419
		16	-4601.253	-686.815	-580.044	-0.005	-13.475	 16.155
	102	4	 7764.665	 890.992	 753.547	 0.009	-8.359	 9.624
		16	-5708.917	-890.992	-753.547	-0.009	-17.505	 20.958
	103	4	 6102.849	 679.515	 574.546	 0.006	-6.373	 7.340
		16	-4389.726	-679.515	-574.546	-0.006	-13.347	 15.984
5	1	5	 4597.427	-213.153	 0.000	 0.000	-0.000	-2.303
		17	-2884.303	 213.153	-0.000	-0.000	-0.000	-5.014
	2	5	 3766.004	-520.662	 0.000	-0.000	-0.000	-5.625
		17	-3766.004	 520.662	-0.000	 0.000	 0.000	-12.246
	3	5	 2564.713	-354.580	-0.000	 0.000	 0.000	-3.830
		17	-2564.713	 354.580	 0.000	-0.000	 0.000	-8.340
	101	5	 11708.802	-1027.342	 0.000	-0.000	-0.000	-11.098
		17	-9310.429	 1027.342	-0.000	 0.000	 0.000	-24.164
	102	5	 14139.658	-1447.907	-0.000	 0.000	 0.000	-15.641
		17	-12083.909	 1447.907	 0.000	-0.000	 0.000	-34.056
	103	5	 10928.144	-1088.396	-0.000	 0.000	 0.000	-11.758
		17	-9215.020	 1088.396	 0.000	-0.000	 0.000	-25.600
6	1	6	 5652.707	 31.369	 0.000	 0.000	 0.000	 0.369
		18	-3939.584	-31.369	-0.000	-0.000	-0.000	 0.708
	2	6	 7983.729	 70.230	-0.000	-0.000	-0.000	 0.831
		18	-7983.729	-70.230	 0.000	 0.000	 0.000	 1.580
	3	6	 5437.058	 47.828	 0.000	 0.000	 0.000	 0.566
		18	-5437.058	-47.828	-0.000	-0.000	-0.000	 1.076
	101	6	 19091.010	 142.238	-0.000	-0.000	-0.000	 1.680
		18	-16692.637	-142.238	 0.000	 0.000	 0.000	 3.203
	102	6	 25063.016	 198.443	 0.000	 0.000	 0.000	 2.345
		18	-23007.268	-198.443	-0.000	-0.000	-0.000	 4.466
	103	6	 19073.493	 149.427	 0.000	 0.000	 0.000	 1.765
		18	-17360.371	-149.427	-0.000	-0.000	-0.000	 3.363
7	1	7	 5652.707	-31.369	-0.000	-0.000	 0.000	-0.369
		19	-3939.584	 31.369	 0.000	 0.000	 0.000	-0.708
	2	7	 7983.729	-70.230	-0.000	 0.000	-0.000	-0.831
		19	-7983.729	 70.230	 0.000	-0.000	 0.000	-1.580
	3	7	 5437.058	-47.828	 0.000	-0.000	 0.000	-0.566
		19	-5437.058	 47.828	-0.000	 0.000	-0.000	-1.076
	101	7	 19091.010	-142.238	-0.000	 0.000	-0.000	-1.680
		19	-16692.637	 142.238	 0.000	-0.000	 0.000	-3.203
	102	7	 25063.016	-198.443	 0.000	-0.000	 0.000	-2.345
		19	-23007.268	 198.443	-0.000	 0.000	-0.000	-4.466
	103	7	 19073.493	-149.427	 0.000	-0.000	 0.000	-1.765
		19	-17360.371	 149.427	-0.000	 0.000	-0.000	-3.363
8	1	8	 4597.427	 213.153	-0.000	-0.000	 0.000	 2.303
		20	-2884.303	-213.153	 0.000	 0.000	 0.000	 5.014
	2	8	 3766.003	 520.662	 0.000	 0.000	-0.000	 5.625
		20	-3766.003	-520.662	-0.000	-0.000	 0.000	 12.246
	3	8	 2564.713	 354.580	-0.000	-0.000	 0.000	 3.830
		20	-2564.713	-354.580	 0.000	 0.000	 0.000	 8.340
	101	8	 11708.802	 1027.342	 0.000	 0.000	-0.000	 11.098
		20	-9310.428	-1027.342	-0.000	-0.000	 0.000	 24.164
	102	8	 14139.658	 1447.907	-0.000	-0.000	 0.000	 15.641
		20	-12083.909	-1447.907	 0.000	 0.000	 0.000	 34.056
	103	8	 10928.144	 1088.396	-0.000	-0.000	 0.000	 11.758
		20	-9215.020	-1088.396	 0.000	 0.000	 0.000	 25.600
9	1	9	 3379.927	-213.153	-179.037	 0.000	 1.986	-2.303
		21	-1666.803	 213.153	 179.037	-0.000	 4.159	-5.014
	2	9	 1619.806	-277.428	-235.279	 0.004	 2.610	-2.996
		21	-1619.806	 277.428	 235.279	-0.004	 5.466	-6.526
	3	9	 1103.116	-188.934	-160.229	 0.003	 1.777	-2.041
		21	-1103.116	 188.934	 160.229	-0.003	 3.722	-4.444
	101	9	 6999.626	-686.815	-580.044	 0.005	 6.434	-7.419
		21	-4601.253	 686.815	 580.044	-0.005	 13.475	-16.155
	102	9	 7764.665	-890.992	-753.547	 0.009	 8.359	-9.624
		21	-5708.917	 890.992	 753.547	-0.009	 17.505	-20.958
	103	9	 6102.849	-679.515	-574.546	 0.006	 6.373	-7.340
		21	-4389.726	 679.515	 574.546	-0.006	 13.347	-15.984
10	1	10	 4435.207	 31.369	-179.037	 0.000	 1.986	 0.369
		22	-2722.084	-31.369	 179.037	-0.000	 4.159	 0.708
	2	10	 3518.265	 40.065	-443.124	-0.003	 4.916	 0.472
		22	-3518.265	-40.065	 443.124	 0.003	 10.294	 0.903
	3	10	 2395.999	 27.285	-301.775	-0.002	 3.348	 0.321
		22	-2395.999	-27.285	 301.775	 0.002	 7.010	 0.615
	101	10	 11134.860	 100.007	-871.026	-0.004	 9.663	 1.178
		22	-8736.487	-100.007	 871.026	 0.004	 20.234	 2.255
	102	10	 13377.765	 129.377	-1229.435	-0.006	 13.638	 1.524
		22	-11322.017	-129.377	 1229.435	 0.006	 28.560	 2.917
	103	10	 10349.472	 98.719	-923.937	-0.004	 10.249	 1.163
		22	-8636.348	-98.719	 923.937	 0.004	 21.463	 2.226
11	1	11	 4435.207	-31.369	-179.037	-0.000	 1.986	-0.369
		23	-2722.084	 31.369	 179.037	 0.000	 4.159	-0.708
	2	11	 3518.265	-40.065	-443.124	 0.003	 4.916	-0.472
		23	-3518.265	 40.065	 443.124	-0.003	 10.294	-0.903
	3	11	 2395.999	-27.285	-301.775	 0.002	 3.348	-0.321
		23	-2395.999	 27.285	 301.775	-0.002	 7.010	-0.615
	101	11	 11134.860	-100.007	-871.026	 0.004	 9.663	-1.178
		23	-8736.487	 100.007	 871.026	-0.004	 20.234	-2.255
	102	11	 13377.765	-129.377	-1229.435	 0.006	 13.638	-1.524
		23	-11322.017	 129.377	 1229.435	-0.006	 28.560	-2.917
	103	11	 10349.472	-98.719	-923.937	 0.004	 10.249	-1.163
		23	-8636.348	 98.719	 923.937	-0.004	 21.463	-2.226
12	1	12	 3379.927	 213.153	-179.037	 0.000	 1.986	 2.303
		24	-1666.803	-213.153	 179.037	-0.000	 4.159	 5.014
	2	12	 1619.806	 277.428	-235.279	-0.004	 2.610	 2.996
		24	-1619.806	-277.428	 235.279	 0.004	 5.466	 6.526
	3	12	 1103.116	 188.934	-160.229	-0.003	 1.777	 2.041
		24	-1103.116	-188.934	 160.229	 0.003	 3.722	 4.444
	101	12	 6999.626	 686.815	-580.044	-0.005	 6.434	 7.419
		24	-4601.253	-686.815	 580.044	 0.005	 13.475	 16.155
	102	12	 7764.665	 890.992	-753.547	-0.009	 8.359	 9.624
		24	-5708.917	-890.992	 753.547	 0.009	 17.505	 20.958
	103	12	 6102.849	 679.515	-574.546	-0.006	 6.373	 7.340
		24	-4389.725	-679.515	 574.546	 0.006	 13.347	 15.984
13	1	13	 213.153	 848.977	-0.000	 0.000	 0.000	 5.014
		14	-213.153	 986.513	 0.000	-0.000	 0.000	-8.385
	102	13	 893.451	 2920.509	-1.789	-0.913	 0.049	 20.242
		14	-893.451	 3484.667	 1.789	 0.913	 0.039	-34.073
